142, 125, 232, 164
138, 124, 228, 163
133, 124, 223, 163
127, 124, 217, 163
126, 124, 216, 163
119, 123, 209, 162
116, 123, 206, 162
109, 122, 199, 161
107, 122, 197, 161
101, 121, 191, 160
94, 120, 184, 159
93, 120, 183, 159
86, 119, 176, 158
81, 119, 171, 158
76, 118, 166, 157
71, 117, 161, 156
67, 116, 157, 155
60, 116, 150, 155
56, 116, 146, 155
50, 115, 140, 154
44, 115, 134, 154
39, 114, 129, 153
32, 114, 122, 153
26, 114, 116, 153
20, 114, 110, 153
14, 114, 104, 153
10, 115, 100, 154
4, 116, 94, 155
0, 117, 86, 156
0, 119, 80, 158
0, 120, 74, 159
0, 121, 68, 160
0, 122, 61, 161
0, 123, 55, 162
0, 125, 50, 161
0, 125, 49, 161
0, 126, 48, 162
0, 126, 48, 162
0, 126, 47, 162
0, 126, 47, 162
0, 126, 47, 162
0, 125, 47, 161
0, 123, 51, 162
0, 123, 52, 162
0, 121, 56, 162
0, 120, 57, 161
0, 119, 61, 160
0, 118, 62, 159
0, 117, 66, 158
0, 116, 68, 157
0, 115, 70, 156
0, 114, 72, 155
0, 113, 73, 152
0, 113, 75, 152
0, 112, 80, 151
0, 111, 87, 150
0, 109, 88, 148
5, 107, 95, 146
11, 107, 101, 146
15, 106, 105, 145
21, 105, 111, 144
25, 104, 115, 143
32, 103, 122, 142
37, 103, 127, 142
40, 103, 130, 142
47, 103, 137, 142
51, 103, 141, 142
55, 104, 145, 143
55, 105, 145, 144
55, 106, 145, 145
56, 107, 146, 146
56, 111, 146, 150
56, 111, 146, 150
56, 112, 146, 151
58, 114, 148, 153
58, 115, 148, 154
58, 116, 148, 155
58, 117, 148, 156
58, 118, 148, 157
58, 118, 148, 157
58, 119, 148, 158
58, 120, 148, 159
58, 121, 148, 160
59, 122, 149, 161
58, 123, 148, 162
58, 124, 148, 163
58, 125, 148, 164
58, 126, 148, 165
57, 126, 147, 165
58, 127, 148, 166
57, 128, 147, 167
57, 129, 147, 168
57, 130, 147, 169
57, 131, 147, 170
56, 132, 146, 171
56, 133, 146, 172
56, 133, 146, 172
57, 134, 147, 173
58, 135, 148, 174
63, 136, 153, 175
63, 138, 153, 177
65, 138, 155, 177
66, 139, 156, 178
68, 139, 158, 178
69, 140, 159, 179
76, 142, 166, 181
77, 142, 167, 181
84, 144, 174, 183
84, 145, 174, 184
92, 146, 182, 185
93, 148, 183, 187
100, 148, 190, 187
102, 149, 192, 188
106, 150, 196, 189
112, 151, 202, 190
115, 152, 205, 191
119, 152, 209, 191
124, 153, 214, 192
126, 153, 216, 192
132, 155, 222, 194
136, 156, 226, 195
137, 156, 227, 195
145, 157, 235, 196
146, 158, 236, 197
152, 159, 242, 198
156, 159, 246, 198
160, 160, 250, 199
164, 161, 254, 200
167, 161, 257, 200
173, 162, 263, 201
174, 163, 264, 202
181, 163, 271, 202
182, 164, 272, 203
188, 165, 278, 204
190, 165, 280, 204
194, 166, 284, 205
196, 167, 286, 206
203, 168, 293, 207
202, 169, 292, 208
204, 169, 294, 208
204, 171, 294, 210
206, 171, 296, 210
207, 172, 297, 211
207, 173, 297, 212
211, 173, 301, 212
211, 174, 301, 213
211, 174, 301, 213
213, 175, 303, 214
212, 176, 302, 215
212, 177, 302, 216
211, 180, 301, 219
210, 180, 300, 219
209, 181, 299, 220
209, 182, 299, 221
207, 184, 297, 223
206, 185, 296, 224
205, 186, 295, 225
204, 187, 294, 226
203, 188, 293, 227
202, 189, 292, 228
202, 191, 292, 230
200, 192, 290, 231
199, 193, 289, 232
199, 194, 289, 233
197, 194, 287, 233
197, 195, 287, 234
195, 195, 285, 234
195, 195, 285, 234
193, 195, 283, 234
193, 195, 283, 234
192, 194, 282, 233
191, 193, 281, 232
190, 192, 280, 231
188, 191, 278, 230
188, 190, 278, 229
186, 189, 276, 228
186, 186, 276, 225
184, 186, 274, 225
183, 185, 273, 224
182, 184, 272, 223
181, 182, 271, 221
180, 181, 270, 220
179, 180, 269, 219
178, 178, 268, 217
177, 177, 267, 216
175, 176, 265, 215
174, 175, 264, 214
174, 174, 264, 213
172, 173, 262, 212
171, 171, 261, 210
170, 170, 260, 209
169, 169, 259, 208
168, 168, 258, 207
165, 168, 255, 207
165, 166, 255, 205
163, 165, 253, 204
161, 164, 251, 203
159, 163, 249, 202
159, 162, 249, 201
157, 161, 247, 200
156, 160, 246, 199
151, 159, 241, 198
151, 158, 241, 197
151, 157, 241, 196
149, 155, 239, 194
148, 155, 238, 194
146, 154, 236, 193
146, 153, 236, 192
144, 152, 234, 191
143, 150, 233, 189
141, 149, 231, 188
140, 148, 230, 187
138, 148, 228, 187
137, 146, 227, 185
136, 146, 226, 185
130, 145, 220, 184
130, 144, 220, 183
129, 144, 219, 183
127, 144, 217, 183
127, 144, 217, 183
125, 144, 215, 183
125, 143, 215, 182
123, 143, 213, 182
122, 142, 212, 181
120, 142, 210, 181
119, 142, 209, 181
118, 141, 208, 180
116, 141, 206, 180
115, 140, 205, 179
113, 140, 203, 179
112, 140, 202, 179
108, 140, 198, 179
107, 140, 197, 179
106, 140, 196, 179
102, 140, 192, 179
101, 140, 191, 179
99, 140, 189, 179
97, 140, 187, 179
95, 140, 185, 179
95, 140, 185, 179
