142, 125, 90, 39
138.34, 124.818, 90, 39
133.189, 124.844, 90, 39
126.415, 124.278, 91.8, 39.78
125.531, 124.529, 90, 39
118.106, 123.197, 91.8, 39.78
115.686, 123.428, 88.2353, 38.2353
111.667, 122.532, 90, 39
105.204, 122.163, 90, 39
100, 122, 88, 38
95.5427, 119.789, 93.636, 40.5756
88.3902, 119.204, 93.636, 40.5756
83.3658, 118.547, 93.636, 40.5756
80.8006, 119.04, 91.8, 39.78
73.6485, 117.32, 93.636, 40.5756
71.273, 117.432, 91.8, 39.78
66.4698, 116.77, 88.2353, 38.2353
62.9044, 116.218, 90, 39
55.0008, 115.738, 91.8, 39.78
47.0095, 114.312, 95.5087, 41.3871
42.4938, 113.735, 93.636, 40.5756
36.3745, 113.292, 93.636, 40.5756
31.8076, 114.385, 90, 39
26, 114, 88, 38
22.9689, 114.371, 88.2353, 38.2353
16.7328, 114.933, 86.5052, 37.4856
12.5684, 115.518, 88.2353, 38.2353
7.10846, 117.2, 84.809, 36.7506
0.882576, 118.958, 83.1461, 36.03
-7.78478, 120.587, 88.2353, 38.2353
-14.0424, 121.253, 86.5052, 37.4856
-19.093, 122.426, 86.5052, 37.4856
-24.6875, 123.128, 84.809, 36.7506
-31.177, 124.482, 84.809, 36.7506
-34.8773, 125.298, 86.5052, 37.4856
-35.9854, 125.365, 86.5052, 37.4856
-35.3376, 125.935, 84.809, 36.7506
-36.6229, 126.471, 84.809, 36.7506
-36.7836, 126.745, 84.809, 36.7506
-37.8339, 126.075, 86.5052, 37.4856
-38.4693, 125.978, 86.5052, 37.4856
-38.161, 125.738, 86.5052, 37.4856
-39.645, 123.555, 91.8, 39.78
-40.3441, 122.319, 93.636, 40.5756
-40.1068, 121.439, 95.5087, 41.3871
-38.4452, 119.905, 97.4189, 42.2149
-36.972, 119.045, 97.4189, 42.2149
-32.5624, 117.907, 97.4189, 42.2149
-29.4698, 118.032, 93.636, 40.5756
-24.0939, 116.509, 93.636, 40.5756
-24.1397, 115.944, 95.5087, 41.3871
-23.1868, 114.021, 95.5087, 41.3871
-17.5646, 113.773, 93.636, 40.5756
-17.5365, 112.012, 95.5087, 41.3871
-16.9744, 109.496, 99.3673, 43.0592
-6.03046, 109.666, 93.636, 40.5756
-5.70485, 108.209, 97.4189, 42.2149
2.05334, 106.494, 97.4189, 42.2149
5.2722, 105.648, 97.4189, 42.2149
14.0391, 105.88, 93.636, 40.5756
19.5185, 104.365, 95.5087, 41.3871
20.7818, 102.941, 95.5087, 41.3871
29.6232, 102.898, 93.636, 40.5756
34, 102, 93, 40
39.8192, 103.062, 91.8, 39.78
47.6675, 103.484, 90, 39
49.4992, 103.475, 91.8, 39.78
55.5405, 104.066, 90, 39
54.3836, 105.065, 91.8, 39.78
54.2697, 106.435, 91.8, 39.78
55.2853, 107.523, 90, 39
56.3011, 109.593, 88.2353, 38.2353
57.9749, 111.132, 86.5052, 37.4856
57.8623, 112.103, 88.2353, 38.2353
57.2976, 112.629, 91.8, 39.78
58.8122, 114.694, 88.2353, 38.2353
59.5638, 116.038, 88.2353, 38.2353
57.7923, 115.828, 91.8, 39.78
57, 117, 91, 39
57.2325, 117.91, 91.8, 39.78
57.256, 119.153, 91.8, 39.78
59.1967, 120.462, 88.2353, 38.2353
59.3994, 121.103, 88.2353, 38.2353
60.4511, 122.521, 86.5052, 37.4856
60.4977, 123.046, 86.5052, 37.4856
60.7375, 124.199, 86.5052, 37.4856
59.4289, 125.451, 88.2353, 38.2353
58.4259, 125.342, 90, 39
57.9986, 126.963, 90, 39
58.0832, 127.665, 90, 39
56.4511, 127.811, 91.8, 39.78
56.3883, 128.734, 91.8, 39.78
55.8977, 129.355, 91.8, 39.78
55.813, 130.246, 91.8, 39.78
55.4055, 130.751, 91.8, 39.78
55.9169, 132.716, 90, 39
54.9841, 132.938, 91.8, 39.78
58.1168, 134.742, 88.2353, 38.2353
59.3828, 135.535, 88.2353, 38.2353
63.799, 136.012, 90, 39
63.6408, 138.206, 90, 39
64.9181, 138.551, 90, 39
67.5926, 139.817, 88.2353, 38.2353
68.8707, 140.28, 88.2353, 38.2353
71.5557, 140.45, 90, 39
74.4075, 143.567, 88.2353, 38.2353
79.7719, 143.322, 90, 39
84.057, 145.298, 90, 39
84.4858, 145.969, 90, 39
90.8117, 146.125, 91.8, 39.78
93.294, 147.103, 90, 39
99.565, 148.164, 90, 39
102.707, 149.261, 90, 39
106.297, 150.03, 90, 39
112.106, 150.9, 90, 39
114.124, 151.909, 90, 39
119.166, 152.638, 90, 39
124.079, 153.539, 90, 39
126, 154, 88, 38
133.424, 155.221, 88.2353, 38.2353
136.435, 155.43, 90, 39
137.641, 157.168, 90, 39
144.504, 157.675, 90, 39
146.224, 158.171, 90, 39
152.569, 159.195, 90, 39
154.962, 159.577, 90, 39
161.353, 160.225, 90, 39
162.89, 160.895, 90, 39
168.902, 161.795, 90, 39
173.796, 162.438, 90, 39
174.538, 163.153, 90, 39
181.173, 163.743, 90, 39
182.814, 164.761, 88.2353, 38.2353
189.48, 165.597, 88.2353, 38.2353
191.053, 165.431, 90, 39
193, 167, 88, 38
199.001, 168.189, 88.2353, 38.2353
202.791, 168.804, 88.2353, 38.2353
202.313, 169.322, 90, 39
203.914, 170.05, 90, 39
204.358, 171.843, 90, 39
205.328, 171.369, 90, 39
206.928, 172.586, 90, 39
207.904, 173.094, 90, 39
210.371, 173.628, 90, 39
210.547, 174.479, 90, 39
211, 175, 89, 38
212.697, 176.019, 90, 39
212.507, 176.846, 90, 39
212, 177.685, 90, 39
210.837, 179.438, 90, 39
210.344, 180.362, 90, 39
209.183, 181.968, 90, 39
208.157, 182.592, 90, 39
206.802, 183.64, 90, 39
206.228, 184.513, 90, 39
205.365, 185.83, 90, 39
203.759, 187.738, 90, 39
203.339, 188.556, 90, 39
202, 189, 89, 38
201.045, 190.78, 90, 39
199.069, 191.55, 91.8, 39.78
199.501, 192.797, 90, 39
198.643, 193.645, 90, 39
197.651, 194.295, 90, 39
196.01, 194.492, 91.8, 39.78
195.998, 194.908, 90, 39
195.278, 195.181, 90, 39
192.259, 194.866, 91.8, 39.78
191.275, 194.862, 91.8, 39.78
190.714, 194.049, 91.8, 39.78
189.755, 193.322, 91.8, 39.78
190.087, 192.318, 90, 39
188, 191, 89, 38
186.534, 189.869, 91.8, 39.78
185.478, 188.828, 91.8, 39.78
184.353, 186.931, 91.8, 39.78
183.108, 185.992, 91.8, 39.78
181.556, 184.59, 91.8, 39.78
181.224, 183.387, 91.8, 39.78
178.78, 181.186, 91.8, 39.78
178.852, 180.276, 91.8, 39.78
177.964, 179.105, 91.8, 39.78
178.134, 178.719, 90, 39
176.76, 177.527, 90, 39
175.484, 176.312, 90, 39
174.368, 175.547, 90, 39
173.135, 173.611, 90, 39
171, 172, 89, 38
171.31, 171.288, 90, 39
169.717, 170.84, 90, 39
169.005, 169.487, 90, 39
167.525, 168.829, 90, 39
165.794, 167.866, 90, 39
164.829, 166.006, 90, 39
164.403, 165.848, 88.2353, 38.2353
162.688, 164.889, 88.2353, 38.2353
161.807, 162.863, 88.2353, 38.2353
160.056, 162.142, 90, 39
154.434, 160.274, 91.8, 39.78
154.075, 159.385, 91.8, 39.78
152.297, 158.353, 91.8, 39.78
151.79, 157.475, 90, 39
149.846, 156.666, 91.8, 39.78
148.356, 155.15, 91.8, 39.78
146.961, 154.369, 91.8, 39.78
145.779, 152.709, 91.8, 39.78
144.974, 152.196, 91.8, 39.78
143.709, 150.692, 91.8, 39.78
141.925, 149.724, 91.8, 39.78
140.344, 149.126, 91.8, 39.78
139.375, 148.147, 90, 39
138.22, 148.347, 90, 39
136, 147, 89, 38
135.867, 147.102, 90, 39
130.063, 145.476, 91.8, 39.78
129.808, 144.378, 91.8, 39.78
127.632, 144.372, 91.8, 39.78
126.398, 143.493, 91.8, 39.78
125.881, 143.419, 91.8, 39.78
124.78, 142.914, 91.8, 39.78
124.778, 143.217, 90, 39
122.834, 142.498, 91.8, 39.78
120.05, 142.128, 91.8, 39.78
119.841, 141.216, 91.8, 39.78
118.236, 141.283, 90, 39
117.64, 141.449, 90, 39
115.609, 141.091, 91.8, 39.78
114.261, 140.748, 91.8, 39.78
110.666, 140.098, 91.8, 39.78
110.508, 140.074, 91.8, 39.78
107.78, 140.403, 91.8, 39.78
106, 139, 91, 39
105.194, 139.871, 91.8, 39.78
99.8194, 139.637, 91.8, 39.78
100.095, 139.546, 91.8, 39.78
98.5873, 139.762, 91.8, 39.78
95.7928, 139.752, 91.8, 39.78
93.9356, 139.971, 91.8, 39.78
93.8097, 140.188, 91.8, 39.78
94.4195, 139.279, 91.8, 39.78
94.8737, 139.339, 91.8, 39.78
96.1112, 138.438, 91.8, 39.78
98.1996, 138.432, 91.8, 39.78
102.608, 137.903, 91.8, 39.78
108, 137, 91, 39
108.641, 136.045, 93.636, 40.5756
112.672, 135.251, 93.636, 40.5756
115.812, 134.609, 93.636, 40.5756
121.612, 133.953, 93.636, 40.5756
122.945, 132.59, 93.636, 40.5756
129.083, 131.985, 93.636, 40.5756
131.12, 130.144, 93.636, 40.5756
134.265, 129.144, 93.636, 40.5756
139.216, 128.663, 93.636, 40.5756
140.547, 127.929, 93.636, 40.5756
142.475, 127.022, 93.636, 40.5756
149.927, 126.191, 93.636, 40.5756
149.932, 125.884, 93.636, 40.5756
156, 124, 93, 40
157.948, 124.055, 93.636, 40.5756
160.135, 123.243, 93.636, 40.5756
167.048, 122.663, 93.636, 40.5756
167.165, 122.272, 93.636, 40.5756
173.002, 120.939, 95.5087, 41.3871
173.152, 119.891, 95.5087, 41.3871
174.221, 118.972, 95.5087, 41.3871
175.825, 119.241, 93.636, 40.5756
176.345, 119.161, 93.636, 40.5756
177.92, 119.771, 91.8, 39.78
178.922, 120.015, 91.8, 39.78
180.569, 120.004, 91.8, 39.78
180, 120, 91, 39
179.875, 121.066, 91.8, 39.78
178.891, 122.333, 91.8, 39.78
174.328, 122.923, 91.8, 39.78
173.209, 124.653, 91.8, 39.78
171.262, 128.07, 91.8, 39.78
167.095, 128.598, 91.8, 39.78
167.097, 131.114, 91.8, 39.78
161.287, 131.828, 91.8, 39.78
161.444, 133.666, 91.8, 39.78
157.323, 138.03, 93.636, 40.5756
156.079, 138.262, 93.636, 40.5756
148.979, 141.543, 93.636, 40.5756
150.214, 142.975, 91.8, 39.78
145.83, 144.288, 90, 39
144.819, 145.905, 91.8, 39.78
143.467, 146.037, 91.8, 39.78
141.043, 147.06, 91.8, 39.78
140.354, 146.877, 91.8, 39.78
138.446, 145.913, 93.636, 40.5756
132.642, 144.724, 95.5087, 41.3871
131.87, 143.426, 95.5087, 41.3871
131.05, 142.487, 95.5087, 41.3871
127.436, 140.899, 95.5087, 41.3871
126.289, 139.88, 95.5087, 41.3871
123.951, 138.521, 95.5087, 41.3871
121.656, 136.999, 95.5087, 41.3871
120, 135, 95, 41
114.15, 133.792, 95.5087, 41.3871
114.58, 132.323, 95.5087, 41.3871
113.375, 131.011, 95.5087, 41.3871
110.929, 129.817, 95.5087, 41.3871
110.564, 128.53, 95.5087, 41.3871
107.091, 127.726, 95.5087, 41.3871
107.382, 127.631, 93.636, 40.5756
105.451, 128.027, 93.636, 40.5756
105.584, 128.139, 93.636, 40.5756
105.863, 128.245, 93.636, 40.5756
106.605, 128.594, 93.636, 40.5756
107, 129, 93, 40
107.876, 129.206, 93.636, 40.5756
109.103, 129.33, 93.636, 40.5756
110.011, 129.445, 93.636, 40.5756
110.963, 129.558, 93.636, 40.5756
115.931, 129.02, 95.5087, 41.3871
116.813, 128.459, 95.5087, 41.3871
120.859, 127.862, 95.5087, 41.3871
124.53, 127.513, 95.5087, 41.3871
126.69, 127.28, 93.636, 40.5756
132.225, 126.28, 95.5087, 41.3871
133.065, 125.637, 95.5087, 41.3871
137.896, 124.653, 95.5087, 41.3871
139.763, 121.381, 95.5087, 41.3871
141.868, 119.807, 95.5087, 41.3871
147.027, 117.583, 95.5087, 41.3871
149.164, 113.961, 93.636, 40.5756
149, 112, 95, 41
151.931, 108.28, 93.636, 40.5756
153.089, 107.772, 95.5087, 41.3871
153.815, 106.051, 95.5087, 41.3871
154.727, 105.148, 95.5087, 41.3871
155.022, 105.01, 95.5087, 41.3871
155.804, 105.072, 95.5087, 41.3871
156.303, 105.589, 95.5087, 41.3871
156.625, 106.183, 95.5087, 41.3871
157, 106, 95, 41
157.626, 107.583, 95.5087, 41.3871
158.424, 108.453, 95.5087, 41.3871
158.743, 108.847, 95.5087, 41.3871
159.063, 110.137, 95.5087, 41.3871
160.313, 111.341, 93.636, 40.5756
160.953, 112.36, 93.636, 40.5756
160.472, 113.36, 95.5087, 41.3871
161.346, 113.585, 95.5087, 41.3871
161.975, 114.288, 95.5087, 41.3871
162.39, 115.323, 95.5087, 41.3871
163, 115, 95, 41
164.289, 117.159, 93.636, 40.5756
164.201, 118.382, 93.636, 40.5756
164.698, 119.445, 93.636, 40.5756
165.98, 119.883, 93.636, 40.5756
165.928, 119.813, 95.5087, 41.3871
166.245, 119.925, 95.5087, 41.3871
167.186, 120.106, 95.5087, 41.3871
166.775, 120.708, 95.5087, 41.3871
167, 120, 95, 41
167.349, 121.166, 95.5087, 41.3871
167.371, 121.591, 95.5087, 41.3871
167.636, 121.628, 95.5087, 41.3871
168.279, 121.687, 95.5087, 41.3871
168.409, 121.866, 95.5087, 41.3871
169.08, 122.429, 95.5087, 41.3871
169.815, 122.101, 95.5087, 41.3871
170.122, 122.969, 95.5087, 41.3871
170.938, 123.16, 95.5087, 41.3871
170, 123, 95, 41
170.798, 123.534, 95.5087, 41.3871
169.56, 123.437, 95.5087, 41.3871
168.148, 123.695, 95.5087, 41.3871
167.058, 123.71, 95.5087, 41.3871
163.181, 124.186, 95.5087, 41.3871
162.292, 124.245, 95.5087, 41.3871
156.988, 124.873, 95.5087, 41.3871
156.227, 124.899, 95.5087, 41.3871
154, 125, 95, 41
151.292, 125.515, 95.5087, 41.3871
150.675, 124.977, 95.5087, 41.3871
149.15, 125.352, 95.5087, 41.3871
147.597, 124.99, 95.5087, 41.3871
144.873, 125.422, 95.5087, 41.3871
143.682, 125.226, 95.5087, 41.3871
140.309, 125.67, 95.5087, 41.3871
139.036, 125.695, 95.5087, 41.3871
137.024, 125.42, 95.5087, 41.3871
134.224, 125.763, 95.5087, 41.3871
132, 125, 95, 41
127.155, 125.768, 95.5087, 41.3871
126.53, 126.014, 95.5087, 41.3871
125.497, 126.089, 95.5087, 41.3871
121.581, 126.712, 95.5087, 41.3871
120.459, 126.486, 95.5087, 41.3871
116.787, 126.467, 95.5087, 41.3871
113.838, 126.834, 95.5087, 41.3871
112.95, 126.796, 95.5087, 41.3871
110.947, 127.505, 95.5087, 41.3871
108.619, 127.201, 95.5087, 41.3871
106.557, 127.747, 95.5087, 41.3871
100.047, 127.961, 95.5087, 41.3871
99.8953, 127.792, 95.5087, 41.3871
96.3376, 128.442, 95.5087, 41.3871
92.3677, 128.22, 95.5087, 41.3871
91.9617, 128.884, 95.5087, 41.3871
88, 128, 95, 41
88.1686, 128.851, 95.5087, 41.3871
84.4291, 128.923, 95.5087, 41.3871
81.8688, 128.823, 95.5087, 41.3871
78.5221, 129.329, 95.5087, 41.3871
75.3971, 129.104, 95.5087, 41.3871
74.0588, 129.854, 95.5087, 41.3871
71.0702, 129.937, 95.5087, 41.3871
69.9938, 129.815, 95.5087, 41.3871
65, 130, 95, 41
63.6042, 130.086, 95.5087, 41.3871
62.4505, 130.419, 95.5087, 41.3871
54.8251, 130.463, 95.5087, 41.3871
54.5701, 130.566, 95.5087, 41.3871
53.4244, 130.714, 95.5087, 41.3871
50.2875, 130.701, 95.5087, 41.3871
48.5809, 130.768, 95.5087, 41.3871
45.1912, 131.081, 95.5087, 41.3871
43.594, 130.897, 95.5087, 41.3871
40, 131, 95, 41
37.2827, 131.102, 95.5087, 41.3871
36.5097, 131.202, 95.5087, 41.3871
35.0849, 131.221, 95.5087, 41.3871
33.9291, 131.058, 95.5087, 41.3871
30.9724, 130.949, 95.5087, 41.3871
29.5311, 130.749, 95.5087, 41.3871
25.0965, 130.637, 95.5087, 41.3871
25.092, 130.008, 95.5087, 41.3871
23.2362, 129.909, 95.5087, 41.3871
21, 128, 95, 41
17.0326, 128.128, 97.4189, 42.2149
15.9843, 127.639, 97.4189, 42.2149
13.9006, 127.129, 97.4189, 42.2149
12.0241, 126.639, 97.4189, 42.2149
8.8558, 125.955, 97.4189, 42.2149
7.74193, 124.16, 97.4189, 42.2149
6.8141, 122.884, 97.4189, 42.2149
6.94024, 121.864, 97.4189, 42.2149
7.54912, 120.691, 97.4189, 42.2149
7, 119, 97, 42
9.29274, 115.847, 97.4189, 42.2149
9.97454, 115.257, 97.4189, 42.2149
10.9692, 113.435, 97.4189, 42.2149
12.0049, 111.831, 97.4189, 42.2149
13.4285, 110.735, 97.4189, 42.2149
13.583, 109.568, 97.4189, 42.2149
14.528, 106.938, 97.4189, 42.2149
14.8711, 106.022, 97.4189, 42.2149
15, 105, 97, 42
16.0504, 105.21, 97.4189, 42.2149
16.1736, 105.333, 97.4189, 42.2149
16.8231, 104.938, 97.4189, 42.2149
17.1736, 104.972, 97.4189, 42.2149
18.4388, 105.255, 95.5087, 41.3871
18.9906, 105.647, 95.5087, 41.3871
19.8995, 105.95, 95.5087, 41.3871
20.115, 106.197, 95.5087, 41.3871
21.2109, 108.197, 95.5087, 41.3871
21.3426, 108.711, 95.5087, 41.3871
21, 109, 95, 41
22.5929, 110.217, 95.5087, 41.3871
22.7529, 111.648, 95.5087, 41.3871
24.9457, 113.229, 95.5087, 41.3871
25.1697, 114.241, 95.5087, 41.3871
27.3002, 116.039, 95.5087, 41.3871
27.1803, 117.038, 95.5087, 41.3871
27.9526, 117.959, 95.5087, 41.3871
28.5736, 119.504, 95.5087, 41.3871
28.9147, 120.025, 95.5087, 41.3871
33.1225, 121.527, 95.5087, 41.3871
33.2867, 122.003, 95.5087, 41.3871
33.7817, 123.64, 95.5087, 41.3871
34, 124, 95, 41
35.0766, 125.606, 95.5087, 41.3871
35.8575, 126.493, 95.5087, 41.3871
36.8648, 127.987, 95.5087, 41.3871
37.5323, 129.503, 95.5087, 41.3871
38.803, 130.124, 95.5087, 41.3871
39.1507, 131.915, 95.5087, 41.3871
40.2846, 132.692, 95.5087, 41.3871
41.928, 134.14, 93.636, 40.5756
44.399, 134.731, 95.5087, 41.3871
45.3597, 135.534, 95.5087, 41.3871
45.9097, 136.418, 95.5087, 41.3871
47.4563, 137.48, 95.5087, 41.3871
48.6407, 138.086, 95.5087, 41.3871
49.3352, 139.845, 95.5087, 41.3871
50.2701, 140.595, 95.5087, 41.3871
51.5312, 141.221, 95.5087, 41.3871
52.6281, 142.682, 95.5087, 41.3871
55.0839, 143.695, 93.636, 40.5756
55, 145, 95, 41
57.021, 145.701, 95.5087, 41.3871
58.7132, 146.471, 95.5087, 41.3871
58.6228, 147.797, 95.5087, 41.3871
59.4941, 148.404, 95.5087, 41.3871
59.7823, 149.957, 95.5087, 41.3871
60.9713, 151.008, 95.5087, 41.3871
63.199, 152.603, 95.5087, 41.3871
63.9741, 153.51, 95.5087, 41.3871
64.759, 154.113, 95.5087, 41.3871
66.0414, 155.869, 95.5087, 41.3871
67.2048, 156.427, 95.5087, 41.3871
68.5072, 156.877, 95.5087, 41.3871
69.0378, 158.092, 95.5087, 41.3871
71.1209, 158.88, 95.5087, 41.3871
72.7348, 159.855, 95.5087, 41.3871
74.136, 160.454, 95.5087, 41.3871
77.8113, 161.49, 95.5087, 41.3871
78.9208, 161.595, 95.5087, 41.3871
79.0163, 162.541, 95.5087, 41.3871
77.3253, 163.12, 95.5087, 41.3871
85.3048, 164.124, 93.636, 40.5756
95.0207, 165.094, 90, 39
85.6616, 167.581, 88.2353, 38.2353
86.267, 168.843, 88.2353, 38.2353
87.5534, 169.312, 88.2353, 38.2353
90.5733, 169.531, 86.5052, 37.4856
90.5416, 169.43, 86.5052, 37.4856
88.7956, 168.632, 88.2353, 38.2353
93.7862, 169.156, 88.2353, 38.2353
93.3899, 169.638, 90, 39
93.7921, 169.901, 91.8, 39.78
94.1672, 170.903, 91.8, 39.78
93.336, 171.007, 93.636, 40.5756
93.6128, 170.378, 95.5087, 41.3871
95.4424, 169.319, 95.5087, 41.3871
95.9003, 168.806, 95.5087, 41.3871
96.5487, 167.561, 95.5087, 41.3871
97.2399, 166.793, 95.5087, 41.3871
99.5061, 165.389, 95.5087, 41.3871
106.342, 165.143, 93.636, 40.5756
102.173, 161.627, 95.5087, 41.3871
106.229, 161.984, 95.5087, 41.3871
107.446, 162.164, 95.5087, 41.3871
109.119, 161.871, 95.5087, 41.3871
109.99, 161.078, 95.5087, 41.3871
110.168, 159.981, 95.5087, 41.3871
111.557, 160.162, 95.5087, 41.3871
113.861, 159.424, 95.5087, 41.3871
118.056, 157.068, 95.5087, 41.3871
119.598, 156.929, 93.636, 40.5756
120.6, 155.68, 93.636, 40.5756
0, 160, 90, 39
6.60822, 159.192, 91.8, 39.78
16.0096, 157.334, 91.8, 39.78
26.7182, 157.592, 90, 39
35.0409, 156.272, 91.8, 39.78
47.6912, 156.037, 90, 39
55.4935, 155.801, 90, 39
67.9808, 153.135, 91.8, 39.78
79.418, 154.12, 86.5052, 37.4856
86.3514, 153.502, 88.2353, 38.2353
94.535, 153.288, 88.2353, 38.2353
101.128, 153.476, 88.2353, 38.2353
108.06, 152.341, 88.2353, 38.2353
112.904, 153.86, 83.1461, 36.03
118.028, 154.296, 84.809, 36.7506
123.402, 154.159, 86.5052, 37.4856
125.28, 153.943, 90, 39
133.104, 154.101, 88.2353, 38.2353
133.458, 153.352, 91.8, 39.78
139.864, 152.895, 91.8, 39.78
142.489, 153.551, 91.8, 39.78
148.101, 152.655, 91.8, 39.78
84, 143, 90, 39
81.2643, 141.829, 93.636, 40.5756
82.8296, 141.872, 90, 39
81, 140, 91, 39
79.6289, 139.07, 93.636, 40.5756
78.8581, 138.802, 91.8, 39.78
74.632, 138.631, 90, 39
75.0711, 137.702, 90, 39
75.1222, 137.232, 90, 39
71.3986, 137.08, 88.2353, 38.2353
70.7817, 135.574, 90, 39
67.5284, 133.771, 93.636, 40.5756
66.4341, 133.171, 93.636, 40.5756
64.5443, 133.054, 93.636, 40.5756
62.6402, 131.357, 95.5087, 41.3871
62, 130, 93, 40
60.5515, 130.843, 91.8, 39.78
61.2058, 131.089, 90, 39
58.8167, 130.991, 90, 39
56.6693, 129.872, 93.636, 40.5756
55.5137, 129.702, 91.8, 39.78
53.6095, 128.837, 93.636, 40.5756
54.1105, 129.043, 91.8, 39.78
52.9188, 128.594, 91.8, 39.78
50.7604, 127.148, 93.636, 40.5756
49.2512, 126.5, 95.5087, 41.3871
45.461, 127.279, 90, 39
46.736, 127.618, 90, 39
43.3908, 126.713, 91.8, 39.78
42.9144, 126.307, 91.8, 39.78
41.2286, 125.855, 91.8, 39.78
38.3021, 125.225, 93.636, 40.5756
38.0337, 124.971, 93.636, 40.5756
35.8499, 124.49, 95.5087, 41.3871
33.7142, 122.73, 95.5087, 41.3871
32, 123, 93, 40
30.3024, 123.272, 93.636, 40.5756
30.4914, 123.052, 93.636, 40.5756
31.3416, 123.075, 91.8, 39.78
33.6361, 122.876, 91.8, 39.78
36.9346, 122.793, 91.8, 39.78
42.7592, 121.711, 93.636, 40.5756
46.9543, 122.318, 91.8, 39.78
49.5853, 121.466, 91.8, 39.78
55.2187, 121.344, 90, 39
57.149, 121.442, 90, 39
63.4878, 121.391, 90, 39
65, 120, 91, 39
70.8603, 119.658, 91.8, 39.78
72.339, 119.233, 91.8, 39.78
78.3635, 118.071, 93.636, 40.5756
81.413, 118.278, 91.8, 39.78
86.2938, 116.409, 95.5087, 41.3871
88.8865, 116.549, 91.8, 39.78
90.5281, 115.778, 91.8, 39.78
92.2936, 115.28, 91.8, 39.78
94.1392, 114.323, 91.8, 39.78
96.7569, 113.87, 90, 39
98.1354, 113.74, 91.8, 39.78
100.531, 113.807, 90, 39
102.435, 113.438, 91.8, 39.78
104.738, 113.583, 90, 39
106.167, 113.574, 91.8, 39.78
106.734, 113.333, 91.8, 39.78
112.286, 113.186, 91.8, 39.78
112.321, 113.012, 91.8, 39.78
114.058, 112.775, 93.636, 40.5756
117.627, 113.555, 91.8, 39.78
118.074, 113.297, 91.8, 39.78
123.852, 113.438, 90, 39
122.69, 114.294, 91.8, 39.78
123.95, 113.28, 91.8, 39.78
125.763, 113.287, 91.8, 39.78
127, 113, 89, 38
129.202, 113.64, 91.8, 39.78
130.463, 113.376, 91.8, 39.78
136.732, 112.606, 91.8, 39.78
137.129, 112.177, 91.8, 39.78
137.389, 111.677, 91.8, 39.78
137.565, 111.877, 91.8, 39.78
133.166, 111.873, 91.8, 39.78
129.117, 111.504, 91.8, 39.78
121.749, 111.437, 91.8, 39.78
115.041, 110.9, 91.8, 39.78
110.176, 111.144, 91.8, 39.78
103, 110, 91, 39
101.494, 110.704, 91.8, 39.78
94.115, 110.107, 91.8, 39.78
87.3407, 109.738, 91.8, 39.78
85.186, 109.967, 90, 39
84.4536, 109.98, 90, 39
85.8249, 109.397, 91.8, 39.78
94.2117, 108.692, 91.8, 39.78
109.291, 107.909, 91.8, 39.78
124.027, 107.322, 91.8, 39.78
138.214, 105.976, 91.8, 39.78
152.836, 105.059, 91.8, 39.78
167.507, 104.405, 91.8, 39.78
179.299, 103.06, 91.8, 39.78
186.23, 102.804, 91.8, 39.78
188.126, 101.995, 91.8, 39.78
194.276, 101.292, 93.636, 40.5756
195.478, 101.259, 93.636, 40.5756
202.284, 100.793, 91.8, 39.78
202.582, 100.597, 91.8, 39.78
203.783, 99.7162, 91.8, 39.78
210.569, 99.7738, 90, 39
207, 99, 89, 38
206.375, 99.8536, 90, 39
206.64, 99.1024, 90, 39
202.11, 99.5544, 90, 39
204.6, 98.9878, 90, 39
209.305, 99.3063, 90, 39
201.856, 100.033, 90, 39
200.994, 99.4376, 91.8, 39.78
199.989, 98.7724, 93.636, 40.5756
199.563, 98.6658, 93.636, 40.5756
197.282, 98.6157, 95.5087, 41.3871
197.877, 98.7549, 93.636, 40.5756
198.337, 98.7169, 93.636, 40.5756
198.375, 98.6023, 93.636, 40.5756
197.941, 98.682, 93.636, 40.5756
198.816, 99.1684, 91.8, 39.78
197.88, 98.2998, 91.8, 39.78
197.704, 97.9953, 91.8, 39.78
197, 97, 91, 39
195.676, 98.3472, 91.8, 39.78
195.776, 97.8884, 91.8, 39.78
196.004, 98.0085, 91.8, 39.78
195.686, 97.8154, 91.8, 39.78
195.55, 97.5907, 91.8, 39.78
194.638, 97.862, 91.8, 39.78
194.438, 97.4374, 91.8, 39.78
193.741, 97.5035, 91.8, 39.78
192.381, 97.2877, 91.8, 39.78
191.955, 96.8136, 91.8, 39.78
191, 97, 91, 39
190.634, 96.6833, 91.8, 39.78
190.917, 96.6593, 91.8, 39.78
190.805, 96.1913, 91.8, 39.78
190.707, 95.6541, 91.8, 39.78
190.508, 95.6439, 91.8, 39.78
189.907, 95.4741, 91.8, 39.78
187.171, 95.5135, 91.8, 39.78
182.052, 95.708, 91.8, 39.78
181.553, 95.8625, 91.8, 39.78
176.796, 96.2255, 91.8, 39.78
175.538, 96.2335, 91.8, 39.78
172.358, 96.4876, 91.8, 39.78
166.63, 96.7563, 91.8, 39.78
165.691, 97.372, 91.8, 39.78
160.829, 98.1482, 91.8, 39.78
161.113, 98.2794, 91.8, 39.78
153.272, 99.1634, 91.8, 39.78
148.265, 99.8849, 90, 39
143.367, 101.261, 90, 39
134.645, 102.373, 91.8, 39.78
127, 102, 91, 39
121.692, 103.877, 90, 39
113.403, 104.459, 91.8, 39.78
110.281, 104.603, 91.8, 39.78
102.772, 106.738, 90, 39
95.6314, 107.386, 90, 39
89.9013, 108.962, 90, 39
81.6152, 110.334, 90, 39
74.0554, 110.403, 91.8, 39.78
71.0048, 111.223, 91.8, 39.78
69, 111, 91, 39
68.6541, 112.432, 91.8, 39.78
68.2775, 113.189, 91.8, 39.78
68.9348, 113.308, 91.8, 39.78
71.7093, 113.5, 91.8, 39.78
72.1173, 113.735, 91.8, 39.78
73.8908, 113.992, 91.8, 39.78
75.3268, 114.225, 91.8, 39.78
76.4412, 114.159, 91.8, 39.78
77.9648, 113.571, 91.8, 39.78
79.7783, 113.774, 91.8, 39.78
81.7787, 114.012, 91.8, 39.78
84, 113, 91, 39
85.43, 113.909, 91.8, 39.78
87.5466, 114.209, 91.8, 39.78
89.1876, 114.426, 91.8, 39.78
90.7896, 115.255, 91.8, 39.78
93.5551, 115.143, 91.8, 39.78
94.744, 116, 91.8, 39.78
95.4195, 116.716, 91.8, 39.78
97.7843, 117.199, 91.8, 39.78
98, 117, 91, 39
102.343, 118.174, 91.8, 39.78
103.255, 118.621, 91.8, 39.78
104.184, 119.037, 91.8, 39.78
107.378, 119.874, 91.8, 39.78
108.36, 120.16, 91.8, 39.78
111.142, 120.442, 91.8, 39.78
112.769, 120.27, 91.8, 39.78
117.292, 120.547, 91.8, 39.78
118.245, 120.668, 91.8, 39.78
120.038, 120.956, 91.8, 39.78
124.48, 121.198, 91.8, 39.78
126, 121, 89, 38
128.376, 121.236, 91.8, 39.78
129.595, 121.307, 91.8, 39.78
131.905, 121.53, 91.8, 39.78
134.269, 121.565, 91.8, 39.78
136.001, 121.801, 91.8, 39.78
143.063, 121.703, 90, 39
142.649, 121.54, 90, 39
142.813, 120.489, 88.2353, 38.2353
135.488, 120.287, 90, 39
130.635, 122.093, 88.2353, 38.2353
133.822, 120.639, 88.2353, 38.2353
131.502, 120.846, 90, 39
124.62, 120.11, 90, 39
124.063, 120.387, 90, 39
120.076, 120.262, 90, 39
117.235, 119.465, 91.8, 39.78
115.404, 118.831, 91.8, 39.78
110.279, 117.72, 91.8, 39.78
109.307, 117.196, 91.8, 39.78
107.689, 116.489, 91.8, 39.78
102.972, 115.88, 91.8, 39.78
102, 115, 91, 39
96.8578, 115.371, 91.8, 39.78
95.8724, 114.766, 91.8, 39.78
92.2637, 114.737, 91.8, 39.78
86.921, 114.716, 91.8, 39.78
86.4969, 114.474, 91.8, 39.78
81.8578, 114.424, 91.8, 39.78
81.5154, 114.164, 91.8, 39.78
75.8576, 113.967, 91.8, 39.78
75.3982, 114.116, 91.8, 39.78
72.3127, 113.718, 91.8, 39.78
71.6719, 113.582, 91.8, 39.78
71.4888, 113.2, 91.8, 39.78
70.8767, 113.022, 91.8, 39.78
70.7147, 113.243, 91.8, 39.78
70, 112, 91, 39
70.2035, 112.743, 91.8, 39.78
70.3933, 112.562, 91.8, 39.78
69.7395, 113.062, 91.8, 39.78
69.3475, 112.94, 91.8, 39.78
68.6007, 113.219, 91.8, 39.78
66.8639, 113.197, 91.8, 39.78
66.4316, 113.224, 91.8, 39.78
66.005, 113.247, 91.8, 39.78
66.5634, 113.067, 91.8, 39.78
66.1732, 113.236, 91.8, 39.78
65.9105, 112.954, 91.8, 39.78
65, 112, 91, 39
59.1634, 112.543, 91.8, 39.78
57.5721, 112.583, 91.8, 39.78
51.2137, 112.526, 91.8, 39.78
51.4716, 112.444, 91.8, 39.78
50.2846, 112.414, 91.8, 39.78
45.2706, 112.295, 91.8, 39.78
44.0401, 112.54, 91.8, 39.78
39.8214, 112.533, 91.8, 39.78
35.5479, 112.442, 91.8, 39.78
35.8313, 112.339, 91.8, 39.78
36.137, 112.403, 91.8, 39.78
35.2644, 112.383, 91.8, 39.78
35.1981, 112.422, 91.8, 39.78
35.084, 112.489, 91.8, 39.78
35.7771, 112.477, 91.8, 39.78
35, 112, 91, 39
35.774, 112.523, 91.8, 39.78
35.6415, 112.68, 91.8, 39.78
35.5485, 112.708, 91.8, 39.78
35.3392, 112.689, 91.8, 39.78
34.5782, 112.9, 91.8, 39.78
34.6758, 112.763, 91.8, 39.78
34.2021, 113.132, 91.8, 39.78
34.0356, 112.97, 91.8, 39.78
34.6751, 112.976, 91.8, 39.78
34.5206, 113.353, 91.8, 39.78
34, 112, 91, 39
34.2931, 113.022, 91.8, 39.78
33.531, 113.305, 91.8, 39.78
34.1334, 112.824, 91.8, 39.78
33.1929, 113.087, 91.8, 39.78
32.9278, 113.03, 91.8, 39.78
33.4316, 113.115, 91.8, 39.78
32.799, 112.68, 91.8, 39.78
33.5722, 112.704, 91.8, 39.78
32.7549, 112.755, 91.8, 39.78
33.2683, 112.741, 91.8, 39.78
32.8173, 113.411, 90, 39
31.2373, 113.277, 91.8, 39.78
31.0305, 113.158, 91.8, 39.78
29.3209, 113.019, 91.8, 39.78
29, 113, 91, 39
28.9378, 113.13, 91.8, 39.78
29.3904, 112.909, 91.8, 39.78
28.0752, 113.463, 91.8, 39.78
27.7031, 113.49, 91.8, 39.78
27.3842, 113.326, 91.8, 39.78
26.0225, 114.215, 90, 39
24.1785, 114.202, 91.8, 39.78
23.9127, 114.168, 91.8, 39.78
23, 114, 91, 39
22.8358, 114.236, 91.8, 39.78
22.9234, 115.037, 90, 39
22.3301, 115.316, 90, 39
21.8772, 115.792, 90, 39
19.0873, 116.328, 90, 39
19.2755, 115.963, 91.8, 39.78
20.3311, 116.19, 91.8, 39.78
21.9589, 115.721, 91.8, 39.78
25.9713, 116.051, 91.8, 39.78
26, 116, 91, 39
27.3841, 116.3, 91.8, 39.78
28.9674, 116.378, 91.8, 39.78
31.199, 116.326, 91.8, 39.78
32.1053, 116.389, 91.8, 39.78
35.5589, 116.269, 91.8, 39.78
36.8248, 116.113, 91.8, 39.78
38.547, 115.733, 91.8, 39.78
42.7738, 116.194, 91.8, 39.78
42, 116, 91, 39
44.2273, 115.7, 91.8, 39.78
44.9181, 116.293, 91.8, 39.78
45.8661, 116.249, 91.8, 39.78
48.951, 115.997, 91.8, 39.78
49.4218, 116.649, 91.8, 39.78
50.7976, 116.412, 91.8, 39.78
52.6839, 116.786, 91.8, 39.78
53.3312, 116.894, 91.8, 39.78
54, 116, 91, 39
56.7954, 117.109, 91.8, 39.78
58.5237, 117.103, 91.8, 39.78
62.1064, 117.116, 91.8, 39.78
61.9076, 116.774, 91.8, 39.78
65.9209, 116.93, 91.8, 39.78
65.6333, 117.026, 91.8, 39.78
66.6703, 116.738, 93.636, 40.5756
67.7285, 116.964, 91.8, 39.78
69, 117, 91, 39
70.701, 117.813, 91.8, 39.78
70.4206, 117.081, 93.636, 40.5756
73.7427, 118.062, 91.8, 39.78
73.8488, 118.221, 91.8, 39.78
78.7923, 118.088, 91.8, 39.78
77.768, 118.595, 91.8, 39.78
77.7353, 118.071, 93.636, 40.5756
79, 118, 93, 40
79.4434, 118.763, 93.636, 40.5756
81.6153, 118.587, 93.636, 40.5756
83.2469, 119.631, 91.8, 39.78
84.022, 119.552, 91.8, 39.78
87.7737, 119.553, 91.8, 39.78
88.3453, 119.801, 91.8, 39.78
88.8663, 120.112, 91.8, 39.78
90, 120, 91, 39
92.1645, 120.581, 91.8, 39.78
92.6593, 120.901, 91.8, 39.78
95.4435, 121.301, 91.8, 39.78
95.6623, 121.567, 91.8, 39.78
97.6771, 121.859, 91.8, 39.78
98.7689, 122.388, 91.8, 39.78
100.823, 122.479, 91.8, 39.78
102, 122, 91, 39
103.08, 123.272, 91.8, 39.78
105.238, 123.396, 91.8, 39.78
106.252, 124.049, 91.8, 39.78
106.355, 125.232, 91.8, 39.78
107.59, 125.267, 91.8, 39.78
108.503, 125.527, 91.8, 39.78
110.174, 125.714, 91.8, 39.78
112, 125, 91, 39
113.106, 126.541, 91.8, 39.78
114.622, 126.655, 91.8, 39.78
115.722, 127.196, 91.8, 39.78
116.848, 127.429, 91.8, 39.78
120.106, 127.435, 91.8, 39.78
120.174, 128.092, 91.8, 39.78
